10382
10385
10397
10398
10409
10410
10412
10451
10452
10454
10455
10456
10458
10459
10471
10475
10482
10550
10551
10555
10557
10565
10573
10653
10655
10656
10659
10663
10664
10668
10670
10671
10680
10681
10687
10689
10692
10696
10698
10699
10700
10701
10705
10716
10717
10731
10732
10736
10757
10759
10760
10769
10776
10778
10779
10782
10783
10784
10785
10786
10787
10788
10789
10797
10803
10804
10805
10810
10978
10984
10996
11465
11703
11704
11811
11844
11845
12152
12153
12158
14317
14318
14319
14349
14350
14885
14971
15908
15927
15928
15934
15935
15938
15946
15947
15949
15950
15951
15952
16043
16044
16045
16047
16048
16195
16200
16201
16202
16213
16214
16215
16233
16244
16246
16248
16255
16257
16274
16280
16282
16283
16284
16285
16292
16293
16295
16296
16298
16305
16307
17887
17894
17895
17897
18623
18690
18692
18694
18695
18699
18700
18701
18705
18706
18707
18708
18714
18716
18723
18724
18734
18735
18736
18737
18738
18740
18746
18750
18751
18752
18755
18767
18773
18775
18776
18777
18849
18850
18851
18852
18860
18861
18862
18863
18864
18865
18866
18867
18868
18869
18870
18871
18872
18890
18891
18892
18893
18894
18902
18903
18904
18908
19037
19039
19048
19049
19053
19059
19064
19086
19106
19110
19112
19113
19115
19121
19141
19143
19144
19145
20087
20474
20477
20479
20481
20484
20490
20491
20492
20494
20495
20496
20498
20499
20500
20502
20503
20504
20505
20514
20515
20516
20519
20520
20521
20522
20523
20524
20525
20527
20529
20531
20533
20535
20536
20537
20538
20539
20542
20543
20544
20562
20601
20602
20606
20608
20609
20611
20615
20618
20619
20620
20621
20622
20630
20631
20634
20636
20643
20645
20649
20651
20652
20653
20654
20656
20657
20659
20660
20667
20669
20677
20678
20719
20720
20721
20723
20724
20804
20808
20812
20813
20814
20815
20819
20820
20821
20822
20824
20825
20826
20857
20858
20859
20862
20864
20907
20926
20927
20928
20929
21825
21826
21827
21828
21829
21957
21958
21959
21960
21961
21962
21963
21964
21965
21967
22275
22659
22664
22665
22669
22957
23598
23607
23608
23609
23610
23614
23615
24255
24257
24258
24259
24260
24262
24263
24264
24331
24337
24714
24715
24822
24823
24825
24826
24827
24828
24830
24831
24858
24859
24860
24861
24887
24898
25205
25206
25209
25211
25212
25213
25214
25215
25216
25218
25219
25220
25221
25222
25223
25227
27821
28433
30436
30454
30565
31772
31773
31781
31785
31786
31787
33498
33500
33501
33507
33508
33515
33516
33546
33547
34006
34203
34205
36209
36212
36213
36812
36813
36814
36816
37894
37895
37896
37897
37898
37900
38190
39266
39267
39516
39519
39569
39570
40206
40690
40691
40692
40693
40842
40843
40844
40845
41068
41069
41070
41685
41686
41687
42242
42245
42246
42247
42248
42921
42924
42925
42926
42948
43631
43632
43633
43634
43635
43636
45730
45731
45732
45780
45781
45783
45816
45847
45848
45855
45924
45925
46052
46053
46077
46080
46081
46082
46083
46192
46193
46194
46457
46473
47067
47068
47069
47070
47081
47084
47358
47361
47386
47388
47394
47395
47396
47423
47424
47425
47426
47427
47441
47747
47990
48005
48006
48007
48925
48940
48943
48944
48977
48978
48979
48981
48982
48983
48985
48986
48987
48988
48989
48991
48992
48993
48995
49015
49079
49081
49096
49117
49118
49138
49139
49140
49142
49143
49144
49145
49149
49150
49151
49152
49153
49155
49156
49157
49158
49159
49160
49229
49232
49233
49318
49763
49768
49968
49972
50002
50005
50008
50009
50010
50011
50374
50375
50376
50377
50378
50379
50380
50381
50382
50383
50385
50387
50388
50390
53249
53253
54173
54942
54943
54989
54991
54992
54994
55002
55004
55006
55010
55012
55014
55015
55018
55019
55021
55022
55026
55029
55031
55032
55033
55397
55984
55985
55987
55988
55989
55990
55991
55992
55993
55997
55998
56472
56516
57280
57297
57527
57536
57654
58411
58412
59240
59244
59245
59246
59247
59248
59249
59250
59251
59283
59284
59285
59286
59307
59308
700172
700173
700174
700175
700176
700177
700178
700180
700191
700192
700194
700195
700196
700214
700219
700220
700221
700224
700225
700226
700278
700292
700293
700319
700331
700332
700333
700336
700337
700339
700349
700350
700351
700352
700353
700354
700355
700356
700358
700360
700361
700362
700365
700366
700367
700369
700370
700371
700372
700373
700374
700382
700383
700386
700388
700389
700393
700399
700400
700401
700402
700403
700404
700411
700413
700414
700417
700418
700419
700420
700422
700424
700426
700427
700428
700440
700442
700450
700451
700453
700456
700457
700458
700459
700462
700463
700464
700465
700466
700467
700468
700469
700470
700471
700472
700473
700474
700475
700476
700477
700478
700480
700481
700482
700484
700485
700486
700488
700490
700491
700492
700493
700494
700495
700512
700513
700514
700515
700516
700517
700518
700519
700520
700521
700522
700523
700524
700525
700527
700529
700530
700531
700533
700534
700535
700536
700537
700538
700539
700540
700541
700542
700543
700544
700555
700556
700557
700558
700559
700560
700561
700562
700563
700564
700573
700586
700588
700589
700593
700594
700599
700607
700608
700609
700610
700611
700617
700618
700619
700628
700629
700630
700631
700632
700633
700634
700635
700640
700670
700671
700672
700673
700674
700676
700696
700697
700698
700699
700710
700711
700712
700713
700714
700715
700716
700717
700718
ba001
ba003
bc001
bc002
bc003
bc004
bm001
bm002
de001
fb001
fu002
fu003
fu004
fu005
fu006
he001
hi001
hs001
ka001
ka002
ka003
ka004
ka005
kt001
kt002
kt003
lc001
li001
li002
od001
od003
pp001
pp003
pp004
pt001
sp001
st001
st002
st003
st004
st006
st007
tl001
tl001/732a2e12-3551-11ec-9b4d-c96fbc416494
tl002
tl003
tl004
wt001