70560314
09547982
40475218
49549917
09467904
80290779
49241791
10234428
49606088
69320971
79565388
19395836
89495899
19320997
79495932
69457110
59455022
59459671
39600379
69462908
30612602
79547931
90474438
29300871
69566454
29508135
90574602
10311308
39465277
40357658
69552541
09830541
50512376
49500992
20561269
10330948
10388977
80452583
80551644
20586241
30514197
40493910
40309573
00566362
50551626
40331084
70331087
20512330
20434238
10451365
30475233
20555089
00462840
90552493
60561031
00433942
70395437
10395435
80504105
30582394
50489559
30617713
29603707
19320916
79388480
50563441
39460883
89323704
00481122
49401218
80424750
70591155
79605718
49128945
69547936
49399036
39459605
09516928
09547977
09321011
49529052
69548064
49425097
09320988
99548072
99323685
99548010
79323667
90492847
30362523
99587167
10492813
89605572
29463472
80578771
20395543
70578757
29548056
29458258
29458480
59549889
39388444
49501944
59555696
60551414
99555722
69466063
19539000
79507464
39507461
59586834
39555664
29587887
39399334
29429237
09469371
99463204
59578891
69462866
39555819
59300860
89589685
89459108
49462396
79469546
59577165
39589046
09463091
09320993
69412522
99588379
19589660
19578812
69538531
79579111
89469800
49509563
79549987
19507462
99389803
59473592
99605109
39586825
99565387
69469839
00575309
00555863
50604696
30617591
20511062
50582128
29392408
29477191
89388093
29243022
80565392
89509212
30513904
90434174
69498059
10520514
79577046
89498831
40540884
50594348
70594352
60594300
30604701
70606642
40612625
30612763
50618783
20618746
19473589
70456355
70608504
49588268
19487647
60299691
60594588
00177225
50281856
30600048
70541354
50494264
30552250
50360009
40449639
99384594
30551378
20551675
20590436
80331082
20495279
30452161
10385926
50527269
80509886
59565836
90221064
70618758
00487831
30544849
69603748
80585465
89547964
30357244
90418857
09321006
39554565
60357662
59412546
59501199
59320896
70508415
50561866
10508423
09460889
69500910
19604991
69456016
00579114
00511497
00277357
10277352
10588113
09588454
40483464
20475243
50395443
90532589
80551682
19395860
70613355
60455059
30508403
70594615
50555097
19502049
49462344
30433945
00601469
10609605
50613337
40601472
40595560
60580077
70539167
10504707
80481118
60411720
19338129
80411724
50526991
50389140
30574191
69337349
40368770
29464240
90389336
70493013
70389342
20527020
00572810
70552248
70486215
60358992
60477674
79460683
70459976
50177223
00488326
29461717
50566449
30339288
20454311
90395436
30395439
30531125
50591076
20531611
70531128
20525549
80527994
10490512
49323701
79546432
19477158
20481036
60330955
60450127
20603429
90578761
20533224
90572924
70450023
90603435
10591813
60496031
29501054
90449019
20440423
40440422
90440429
50440412
19463383
00499773
80440415
80570954
90570996
30492789
70575495
40516092
20456956
00460619
60552239
80440420
20569147
39504575
19252125
90368800
00496171
70496139
70496200
10496137
30411769
90411747
49464965
90546572
50569141
69554535
00512331
79473591
70578012
90560313
70213574
49468529
59484294
60440510
20599540
70590797
60215291
10475229
00475239
19428851
10530358
60475241
40475223
40358993
30475247
70205512
30280773
79509566
00475215
10331165
29454552
10440414
10440428
79459689
49509520
79467161
90524886
49468751
30482974
80436965
60500518
30330947
60570993
10569628
20583742
49585868
00538053
30532356
80156120
80512469
89399124
80508429
50331088
19429129
99459216
30330952
30330971
70551395
00452544
50593730
60452602
10578784
50576226
50552602
80540882
20334917
50242619
99601451
40596055
80508721
80359844
39554867
80582061
70487837
50452155
20457668
50452160
40452165
90452163
10516017
10586232
20555094
40593603
70582132
40561268
69568924
60457478
10423688
10309777
80554770
50582388
60517825
10559417
30105897
10578147
10579123
40579107
30537655
09026982
39254996
29604434
99399331
59443388
19581956
89577545
30578764
19425046
00221049
69587296
99204258
99388097
19320978
80221045
99142430
39387091
89547940
89603733
20213576
10385479
09026963
09306505
79603738
99338187
29320954
99548086
39547952
19547910
09477187
20418766
49502081
09495902
29458507
59495914
89548124
29019056
09392409
19536817
19537096
49537090
99387272
89830542
29197893
99552785
99549905
09549919
29241792
09502021
09508136
79533868
09388474
19484234
59516940
69538239
29502124
10465268
19483908
19590989
89429159
49387076
89384735
09484946
50503013
10620269
19578483
79387107
99477159
49395854
29412519
09454746
59587193
79437329
19554892
90569238
10608470
69547941
29603774
59477260
99477263
49477251
69547960
49603711
89603709
09426664
29300847
90564009
00461888
49455975
29549918
79929341
30598682
90598679
20518030
19457933
39578707
39473418
89509523
49395849
99577451
09501314
99469574
29460256
39603735
10540611
19497986
39600176
99473590
17228340
39603702
59243025
89431930
89588148
29458705
29588655
79498978
99507463
69459227
79509571
39588532
79605153
39538938
19425150
39555701
49587202
69543113
49412537
39577048
29468040
19338049
19462473
59463729
99554888
60474425
80474434
49605499
09465721
19600592
29458649
39537967
10521085
30357159
40357644
99588218
99497826
49576784
00583074
99300858
19412534
29436978
50620272
39431923
50552249
90602450
50496098
50362522
80345239
10540847
90502158
70521978
60582057
70555398
40597818
10606640
90570661
10603566
60381898
40180136
40495136
80515509
20305707
40551556
80566358
10490084
70444956
60613351
30613357
80601470
90620147
90617606
80486328
70330969
20440418
99401414
29257250
99606255
59422197
09502101
99507199
59583717
69549916
99549892
59395844
89499010
69430922
69501311
49585873
39586689
09585851
99501927
89468042
69432704
59469788
59589601
59468487
59605074
49503245
29487798
69301114
99412525
60575919
70483467
00445228
40349531
00285908
10613339
20590422
40368765
10557055
40177228
40603433
50440426
30440413
00433522
60440416
